                    
                                                                      
            2                                                        11111111   1112              5           111    1221      
                                                                                                                             
                                                                                                                          
                                                                                                                            
      2   15121                     33         33    2            151              4     16    2  2  2     1          11
                            33      33         33                               
                  33        33      33         33                                 
                  33        33      33         33                                        
0000000000000000000000000000000000000000000000000000000000  00000000000000    0000000000000000000000000000000000000000000000000000000000000
0000000000000000000000000000000000000000000000000000000000  00000000000000    0000000000000000000000000000000000000000000000000000000000000